2
0
4
1
3
50
51
7
5
15
13
52
6
53
8
11
10
14
16
9
22
23
20
12
54
18
24
28
27
33
58
21
17
55
19
25
56
26
29
31
32
62
30
61
38
57
36
63
40
60
37
59
34
44
35
69
39
65
64
67
66
41
68
45
74
42
80
73
48
70
76
88
91
71
72
43
49
75
87
78
95
46
77
86
82
83
81
47
99
89
84
79
101
93
90
105
85
92
94
96
110
112
107
114
117
109
119
103
100
102
97
104
108
98
120
121
124
106
123
127
113
111
116
129
132
115
118
136
133
135
122
128
144
143
134
125
146
147
130
141
139
140
126
148
142
131
138
149
137
154
159
145
158
160
161
163
153
167
151
157
152
170
171
156
162
155
150
176
175
164
168
178
165
166
172
180
183
173
185
188
179
174
192
177
181
182
169
184
195
198
196
194
197
187
189
199
191
193
206
186
201
190
208
202
210
203
205
213
204
215
216
219
221
220
211
223
222
209
200
214
218
226
217
212
225
207
224
229
230
231
227
235
237
236
228
234
233
246
245
240
243
242
238
232
241
250
244
248
247
249
252
251
239
256
257
258
255
259
260
253
265
254
263
267
264
268
272
262
261
271
270
269
275
276
277
274
266
279
278
273
282
281
284
283
280
285
288
287
289
293
294
295
292
286
290
297
296
291
298
302
299
301
300
303
314
315
306
304
305
317
307
308
309
316
312
318
313
319
324
322
328
329
311
327
320
323
321
326
334
331
332
325
310
330
333
336
342
340
337
339
335
346
347
344
341
343
348
351
353
349
338
350
352
355
358
359
345
354
360
362
366
363
357
365
356
367
368
369
364
375
361
374
376
370
377
378
380
381
373
371
382
372
383
385
384
379
387
390
391
392
388
393
395
396
394
399
400
389
386
401
402
405
404
407
408
397
398
412
411
409
403
415
417
418
414
416
413
406
420
421
422
423
410
424
425
426
419
428
430
432
433
427
435
434
436
437
438
439
441
443
442
429
444
446
431
445
448
447
449
440
450
452
451
454
453
456
457
458
460
464
461
462
465
466
459
455
467
469
468
472
473
476
474
475
478
477
463
470
481
480
471
484
479
483
486
485
482
487
488
493
490
491
497
492
494
495
489
498
496
500
502
499
506
505
503
504
507
501
514
513
515
516
517
519
508
509
512
521
510
522
520
523
525
526
524
518
530
531
532
534
511
533
537
527
529
538
528
539
540
542
541
536
535
546
547
545
550
543
551
549
544
552
553
555
554
548
557
559
561
562
564
565
566
558
571
570
556
567
572
560
563
573
576
578
569
574
579
581
582
583
575
587
584
588
585
586
568
580
591
590
592
577
599
594
593
596
597
589
595
601
603
602
604
598
605
606
607
600
610
608
612
614
616
618
611
615
619
620
613
609
621
617
624
626
630
628
631
623
622
633
634
639
625
632
636
635
627
629
638
640
641
648
643
644
645
642
646
647
637
651
652
650
654
653
657
655
649
656
658
659
662
663
660
664
666
665
668
669
661
672
671
673
675
678
667
679
670
674
680
683
681
684
685
676
687
688
677
690
693
694
692
682
695
696
691
697
699
698
689
686
701
703
704
702
705
700
707
708
711
710
712
714
715
713
709
716
718
706
717
721
720
722
724
725
719
723
726
727
730
732
731
728
733
735
734
736
740
742
743
741
739
744
729
747
746
748
737
738
750
749
752
745
754
751
755
756
753
757
758
760
762
764
761
763
766
759
767
768
769
770
771
773
775
774
772
777
778
780
765
776
785
782
786
783
789
788
790
781
794
793
792
784
791
796
797
787
799
800
779
801
806
804
805
803
795
807
808
809
798
802
812
814
813
816
817
810
818
819
820
821
811
822
823
815
825
826
827
828
831
830
832
833
824
836
835
838
837
839
829
840
841
842
844
845
846
847
834
849
848
851
850
852
843
854
855
856
857
858
862
860
863
853
865
864
859
861
866
869
867
868
873
872
871
874
875
877
876
878
879
870
880
881
889
882
887
883
885
892
888
886
890
893
891
894
884
897
896
895
900
902
901
899
904
905
898
907
908
903
910
911
914
913
915
909
916
912
906
917
918
921
922
923
920
926
925
919
927
928
931
929
930
932
934
935
938
924
942
941
943
936
945
948
944
947
933
937
939
949
950
951
940
953
954
955
952
946
957
956
958
960
962
961
966
963
964
965
967
968
969
970
959
972
973
974
975
976
977
979
978
980
981
983
971
982
984
986
985
988
987
989
991
993
992
990
996
998
997
995
999
1000
1001
1002
1003
1007
1005
1006
1009
1014
1011
1004
1012
1015
994
1016
1017
1010
1019
1018
1013
1008
1023
1020
1025
1022
1024
1026
1031
1029
1030
1021
1032
1034
1036
1028
1027
1035
1040
1041
1042
1047
1037
1043
1044
1033
1045
1046
1050
1048
1038
1049
1039
1052
1053
1055
1054
1056
1060
1057
1058
1059
1062
1051
1061
1063
1067
1065
1066
1069
1068
1070
1071
1072
1074
1075
1064
1076
1079
1078
1081
1080
1073
1082
1085
1083
1084
1087
1077
1090
1091
1092
1094
1093
1095
1099
1100
1101
1096
1088
1086
1102
1104
1089
1097
1105
1108
1098
1111
1107
1109
1106
1110
1112
1113
1114
1103
1117
1115
1116
1118
1119
1120
1121
1122
1123
1127
1126
1125
1128
1124
1130
1131
1129
1133
1135
1136
1139
1138
1137
1132
1141
1140
1142
1134
1143
1145
1146
1144
1147
1149
1152
1151
1150
1153
1154
1148
1157
1159
1158
1162
1163
1161
1160
1164
1165
1166
1167
1155
1156
1172
1173
1169
1168
1176
1177
1174
1171
1179
1180
1178
1181
1183
1182
1184
1175
1170
1185
1186
1188
1190
1189
1187
1191
1192
1193
1194
1196
1195
1197
1198
1199
1201
1202
1200
1204
1205
1206
1207
1209
1210
1208
1211
1212
1213
1214
1215
1203
1218
1216
1219
1221
1220
1223
1222
1224
1225
1226
1228
1217
1227
1230
1229
1231
1233
1232
1236
1241
1234
1235
1246
1243
1245
1244
1239
1238
1247
1237
1242
1248
1250
1240
1249
1251
1252
1253
1256
1254
1255
1260
1258
1257
1262
1261
1263
1259
1265
1266
1268
1264
1271
1273
1270
1267
1275
1278
1277
1279
1281
1280
1274
1272
1269
1276
1282
1287
1286
1283
1284
1288
1289
1285
1294
1293
1295
1290
1291
1299
1302
1300
1296
1301
1306
1304
1303
1305
1298
1307
1310
1309
1297
1292
1314
1308
1313
1315
1311
1316
1317
1319
1312
1320
1323
1321
1322
1326
1327
1328
1324
1330
1332
1318
1333
1331
1335
1334
1325
1329
1339
1338
1337
1341
1336
1347
1343
1346
1345
1350
1349
1351
1348
1353
1340
1342
1355
1354
1356
1344
1357
1358
1362
1359
1361
1363
1352
1364
1360
1368
1367
1371
1370
1372
1376
1366
1378
1365
1375
1369
1379
1382
1381
1380
1374
1373
1385
1383
1377
1387
1388
1389
1390
1391
1392
1394
1384
1398
1397
1399
1386
1401
1393
1403
1405
1406
1402
1407
1395
1408
1396
1400
1411
1413
1412
1404
1416
1415
1410
1417
1419
1409
1420
1424
1421
1423
1422
1414
1425
1426
1418
1428
1430
1433
1435
1436
1429
1437
1439
1438
1441
1442
1440
1444
1427
1434
1431
1432
1443
1445
1447
1446
1449
1448
1453
1454
1452
1450
1456
1457
1458
1451
1459
1460
1461
1455
1463
1462
1464
1465
1466
1467
1472
1470
1471
1473
1474
1475
1477
1469
1476
1481
1480
1479
1478
1483
1485
1486
1468
1484
1489
1490
1494
1488
1491
1492
1493
1482
1495
1497
1487
1499
1500
1502
1501
1505
1507
1506
1503
1496
1508
1498
1511
1512
1504
1513
1514
1515
1516
1509
1510
1518
1520
1517
1521
1519
1524
1523
1522
1525
1531
1526
1527
1529
1534
1533
1532
1535
1530
1538
1543
1542
1541
1528
1537
1544
1536
1545
1548
1547
1549
1550
1552
1539
1540
1553
1554
1555
1556
1557
1558
1551
1559
1561
1562
1563
1560
1564
1566
1546
1567
1565
1570
1568
1571
1569
1574
1573
1575
1578
1579
1580
1576
1577
1581
1583
1582
1572
1584
1585
1587
1588
1586
1591
1590
1592
1595
1594
1593
1598
1599
1589
1601
1602
1605
1606
1603
1604
1600
1597
1607
1608
1611
1610
1596
1614
1612
1613
1615
1619
1609
1616
1618
1620
1617
1621
1622
1624
1628
1623
1631
1634
1627
1625
1626
1632
1636
1637
1629
1635
1638
1639
1642
1640
1630
1644
1641
1646
1645
1633
1647
1648
1649
1652
1653
1643
1651
1654
1655
1657
1658
1659
1661
1662
1650
1664
1666
1665
1656
1663
1660
1667
1672
1671
1668
1670
1669
1673
1674
1675
1677
1676
1679
1682
1683
1681
1680
1685
1686
1684
1687
1691
1678
1689
1692
1693
1695
1696
1688
1697
1690
1701
1699
1700
1703
1704
1694
1705
1706
1707
1708
1709
1702
1698
1712
1713
1711
1715
1714
1710
1721
1720
1722
1719
1717
1718
1723
1716
1725
1726
1731
1728
1730
1732
1724
1729
1737
1733
1734
1735
1727
1743
1738
1742
1744
1746
1736
1740
1745
1739
1754
1741
1756
1747
1748
1749
1752
1751
1760
1755
1763
1765
1757
1758
1759
1762
1764
1750
1770
1766
1769
1753
1768
1772
1761
1771
1773
1767
1776
1777
1780
1775
1779
1774
1784
1785
1781
1778
1787
1788
1791
1789
1782
1786
1793
1790
1794
1783
1792
1799
1796
1803
1800
1798
1802
1801
1795
1810
1805
1806
1815
1808
1809
1811
1812
1797
1807
1817
1820
1821
1814
1813
1819
1818
1804
1816
1828
1829
1824
1825
1823
1822
1827
1826
1835
1830
1833
1834
1831
1837
1836
1840
1841
1839
1838
1844
1832
1850
1853
1843
1846
1842
1845
1855
1849
1848
1857
1862
1861
1854
1851
1865
1859
1852
1847
1860
1858
1871
1866
1863
1867
1864
1856
1875
1868
1869
1870
1873
1876
1874
1879
1880
1872
1877
1882
1878
1885
1891
1884
1888
1893
1881
1889
1886
1887
1890
1892
1900
1895
1905
1883
1896
1899
1901
1898
1894
1904
1897
1914
1906
1918
1902
1908
1910
1911
1903
1907
1909
1912
1913
1917
1915
1916
1926
1920
1925
1923
1921
1919
1927
1922
1933
1932
1931
1928
1929
1935
1934
1936
1924
1943
1937
1941
1940
1939
1942
1944
1947
1945
1949
1946
1948
1930
1938
1952
1955
1956
1957
1954
1961
1953
1959
1963
1962
1958
1964
1951
1969
1967
1965
1960
1972
1950
1970
1974
1971
1973
1966
1975
1968
1979
1980
1978
1981
1977
1982
1984
1983
1985
1976
1986
1988
1987
1989
1991
1990
1993
1992
1994
1995
1996
1997
1998
1999
0
1
2
51
50
53
55
54
52
56
57
59
58
60
61
63
62
64
65
68
66
69
67
71
70
72
73
74
76
75
77
78
79
81
80
83
84
82
85
86
87
88
89
90
91
92
93
94
95
96
98
97
100
99
101
102
103
104
105
106
107
108
109
110
111
113
112
114
115
116
118
117
119
120
121
123
122
124
125
126
127
128
129
130
131
132
133
134
135
136
137
138
139
140
141
142
143
144
145
146
147
148
149
150
152
151
153
154
155
156
157
158
160
159
161
162
163
164
165
166
167
168
169
170
171
172
173
174
176
175
177
178
180
179
181
182
183
184
185
186
187
190
188
189
191
194
192
193
195
196
197
198
199
202
200
201
203
204
205
206
207
208
209
210
211
212
213
214
215
216
217
218
219
220
221
222
223
225
224
226
227
228
229
230
232
231
234
233
235
236
237
239
238
240
241
243
242
244
245
247
246
248
250
249
251
252
254
253
255
256
258
257
259
260
262
261
264
263
265
266
267
268
269
271
270
272
273
274
275
276
277
279
278
280
281
283
282
284
285
286
287
288
289
290
291
292
293
294
295
297
296
298
299
300
301
302
305
303
304
306
307
308
309
310
311
312
313
314
315
317
316
318
319
320
321
322
323
324
325
326
328
327
329
330
332
331
333
334
335
336
337
338
339
340
341
344
342
343
345
346
347
348
349
350
351
352
353
354
355
356
357
358
359
360
361
362
363
364
365
366
368
367
369
370
371
372
373
374
376
375
377
378
379
380
381
382
383
384
385
386
387
388
389
390
391
392
394
393
395
396
397
399
398
400
401
403
402
404
405
406
408
407
410
409
411
412
413
414
415
416
417
418
419
420
421
422
423
424
425
427
426
428
429
430
431
432
433
434
435
436
437
438
439
441
440
443
442
445
444
446
447
448
449
451
450
452
453
454
455
456
457
458
459
460
462
461
463
464
465
466
468
467
469
470
471
472
473
476
474
475
477
478
480
479
482
481
483
484
485
486
487
488
489
490
491
492
493
495
494
496
497
498
499
500
501
502
503
505
504
506
507
508
509
510
511
512
514
513
516
515
518
517
519
520
521
522
523
524
525
526
527
528
529
532
530
531
533
534
535
536
537
538
539
540
541
542
543
544
545
547
546
548
549
550
552
551
553
555
554
556
557
558
560
559
561
562
563
564
565
566
567
568
571
569
570
572
573
574
575
578
576
577
579
580
581
582
583
584
586
585
587
588
589
590
591
592
593
594
596
595
597
598
599
600
601
602
4
3
19
18
603
607
605
23
609
610
608
611
612
613
616
617
614
615
618
619
620
621
622
623
625
627
628
624
626
629
630
631
634
632
636
635
633
637
638
639
642
640
641
643
644
646
647
649
645
648
650
651
652
653
655
654
656
657
658
659
660
661
662
663
664
665
667
666
668
669
672
670
671
673
674
675
676
677
678
679
680
683
682
681
684
685
687
686
688
689
690
691
692
693
694
695
697
696
698
699
700
701
703
702
704
705
707
708
706
710
709
711
712
714
713
715
716
717
719
718
720
721
722
724
723
725
726
728
729
731
732
727
733
730
734
735
736
737
739
740
738
741
742
743
744
747
746
745
748
749
750
752
753
751
755
756
757
754
758
759
761
760
762
763
764
765
766
768
767
769
770
771
772
773
774
775
776
777
779
778
780
781
782
783
784
787
785
786
788
790
791
793
792
794
795
796
797
798
800
799
801
802
804
803
805
806
807
809
808
810
811
813
812
815
816
814
817
819
818
789
821
822
820
824
825
826
823
827
828
830
829
831
832
834
833
835
836
838
837
839
841
840
842
844
845
846
843
847
848
849
851
852
853
850
854
855
857
856
859
860
858
861
863
862
864
866
867
865
870
869
868
872
871
873
875
874
877
876
878
879
880
881
882
884
885
886
883
887
888
889
890
892
893
894
896
895
898
897
899
900
903
904
902
906
891
905
901
907
909
908
911
910
912
913
914
915
916
917
919
918
920
921
922
923
926
925
924
927
929
930
928
933
934
932
936
937
938
939
935
940
931
941
942
943
944
945
946
947
948
949
951
952
953
954
956
957
955
958
959
961
963
960
964
962
966
965
968
969
967
970
971
972
974
975
976
973
977
978
979
980
981
982
983
950
985
986
984
988
987
989
992
991
993
994
997
995
996
998
999
1000
1001
1002
990
1003
1004
1006
1008
1005
1009
1012
1010
1011
1007
1013
1014
1015
1017
1016
1018
1019
1021
1020
1022
1023
1025
1024
1026
1027
1028
1029
1030
1031
1033
1034
1035
1036
1037
1038
1039
1041
1040
1042
1032
1043
1044
1045
1046
1047
1049
1048
1050
1052
1051
1053
1055
1054
1056
1057
1059
1060
1062
1061
1063
1064
1065
1066
1067
1069
1068
1071
1073
1072
1070
1058
1074
1075
1077
1076
1079
1080
1078
1081
1083
1084
1082
1086
1087
1088
1089
1090
1092
1091
1085
1093
1094
1095
1096
1097
1098
1099
1100
1101
1102
1104
1103
1107
1108
1105
1109
1111
1110
1112
1113
1114
1116
1118
1119
1115
1117
1121
1120
1122
1123
1124
1125
1127
1128
1126
1130
1131
1129
1133
1134
1132
1106
1135
1136
1137
1138
1139
1141
1140
1142
1143
1144
1146
1147
1149
1148
1150
1151
1152
1153
1154
1145
1156
1155
1157
1158
1160
1159
1162
1161
1163
1164
1165
1168
1167
1169
1166
1170
1171
1174
1173
1172
1175
1176
1177
1178
1180
1181
1179
1183
1184
1182
1186
1187
1185
1188
1190
1189
1191
1192
1193
1194
1195
1196
1197
1198
1199
1200
1201
1203
1202
1204
1205
1207
1206
1209
1210
1212
1211
1215
1214
1213
1216
1218
1217
1219
1221
1222
1220
1224
1225
1223
1228
1227
1226
1230
1231
1232
1229
1233
1235
1234
1236
1237
1239
1240
1238
1241
1208
1242
1243
1245
1244
1246
1247
1248
1249
1250
1251
1254
1255
1252
1253
1257
1256
1259
1258
1261
1262
1263
1264
1265
1260
1266
1268
1267
1269
1270
1271
1272
1274
1273
1275
1276
1279
1277
1278
1280
1281
1282
1283
1284
1286
1285
1287
1289
1288
1290
1291
1292
1293
1294
1295
1296
1299
1298
1297
1300
1301
1302
1303
1304
1306
1305
1307
1308
1309
1311
1310
1313
1314
1315
1316
1312
1317
1318
1319
1320
1321
1322
1323
1324
1325
1326
1327
1330
1329
1328
1332
1333
1331
1334
1336
604
5
9
13
20
24
606
15
11
16
33
21
6
12
14
30
8
22
34
10
7
17
29
1335
1338
1362
1341
1344
1339
1342
1343
1347
1348
1349
1350
1351
1352
1353
1340
1354
1355
1346
1356
1358
1357
1345
1360
32
1359
1361
1337
1363
1364
1365
1366
1367
1368
1370
1369
1371
1372
1388
1391
1392
1389
1393
1390
1395
1397
1394
1398
1375
1373
1374
1378
1377
1376
1379
1380
1382
1381
1383
1385
1386
1384
1387
1399
1404
1401
1400
1403
1402
1406
1405
1407
1408
1409
1410
1411
1420
1422
1425
1421
1424
1435
1436
1437
1426
1427
1428
1423
1429
1430
1438
1415
1414
1412
1413
1416
1418
1417
1419
1431
1432
1433
1434
1396
1441
1440
1442
1439
1443
1445
1444
1448
1447
1446
1449
1450
1451
1452
1453
1454
1455
1457
1456
1465
1464
1466
1463
1467
1468
1469
1472
1471
1470
1474
1473
1475
1476
1477
1479
1458
1459
1478
1461
1462
1460
1480
1481
1482
1484
1485
35
31
1483
36
27
25
28
1486
1488
1509
1508
1487
1492
1489
1490
1498
1491
1504
1506
1495
1494
1496
1499
1501
1502
1510
1503
1500
1505
1493
1512
1507
1511
1513
1497
1514
1515
1516
1517
1519
1518
1520
1521
1522
1524
1551
1552
1553
1525
1554
1523
1555
1526
1528
1529
1527
1531
1530
1532
1534
1537
1533
1535
1538
1539
1540
1541
1542
1536
1543
1544
1546
1545
1547
1549
1548
1550
1556
1557
1558
1559
1560
1562
1561
1563
1564
1565
1566
1567
1569
1571
1570
1572
1573
1568
1574
1576
1575
1577
1579
1578
1580
1581
1584
1582
1586
1585
1587
1588
1583
1590
1589
1592
1591
1593
1594
1595
1596
1597
1598
1599
1600
1601
1602
1603
1604
1605
1606
1607
1608
1609
1610
1611
1616
1614
1617
1615
1618
1620
1619
1621
1622
1623
1624
1612
1613
1625
1626
1627
1628
1629
1631
1630
1646
1644
1645
1647
1648
1650
1661
1663
1662
1664
1652
1651
1649
1653
1655
1654
1665
1656
1657
1658
1632
1633
1635
1634
1636
1637
1638
1641
1643
1639
1640
1642
1659
1660
1666
1667
1668
1670
1671
1669
1672
1673
1674
1675
1676
1677
1680
1679
1678
1681
1683
1682
1685
1686
1684
1687
1688
1690
1692
1691
1689
1693
26
1696
1695
1697
1698
1694
1699
1700
1701
1703
1705
1716
1718
1717
1720
1719
1729
1721
1728
1706
1707
1702
1704
1708
1710
1709
1723
1722
1724
1725
1726
1727
1711
1713
1714
1712
1715
1730
1731
1732
1733
1734
1735
1736
1742
1737
1740
1739
1738
1741
1743
1745
1744
1746
1747
1748
1749
1751
1757
1761
1758
1762
1764
1766
1782
1780
1781
1783
1784
1759
1760
1763
1765
1767
1769
1768
1770
1771
1772
1773
1774
1754
1753
1750
1775
1755
1756
1752
1776
1779
1778
1777
1785
1787
1786
1788
1789
1790
1792
1791
1795
1794
1796
1793
1798
1799
1797
1800
1801
1802
1803
1804
1813
1805
1806
1807
1809
1808
1810
1811
1814
1815
1812
1816
1820
1823
1817
1818
1819
1822
1821
1824
1826
1825
1827
1828
1830
1829
1831
1834
1833
1840
1843
1835
1836
1865
1866
1867
1868
1837
1838
1839
1841
1842
1844
1845
1847
1848
1846
1850
1851
1849
1852
1853
1854
1855
1856
1857
1858
1859
1832
1860
1861
1862
1864
1869
1870
1871
1872
1873
1879
1881
1874
1875
1901
1902
1911
1904
1903
1910
1876
1906
1907
1877
1878
1880
1882
1905
1884
1883
1885
1887
1886
1890
1891
1889
1892
1893
1888
1894
1895
1896
1897
1899
1900
1898
1908
1909
1912
1913
1914
1915
1916
1918
1917
1919
1920
1921
1922
1923
1940
1944
1941
1946
1942
1955
1863
1943
1947
1945
1949
1948
1925
1950
1924
1927
1926
1928
1929
1930
1933
1932
1935
1934
1931
1936
1937
1938
1939
1951
1952
1953
1954
1957
1956
1958
1959
1960
1961
1962
1963
1964
1966
1976
1984
1983
1985
1986
1997
1996
1987
1998
1988
1977
1989
1990
1991
1967
1965
1968
1969
1970
1971
1972
1973
1975
1978
1979
1974
1980
1981
1982
1993
1992
1994
1999
1995
40
37
41
39
38
44
43
48
42
46
47
45
49
0
50
51
52
53
54
55
56
57
58
59
60
61
62
63
64
65
66
67
68
69
70
71
72
73
74
75
76
77
78
79
80
81
82
83
84
85
86
87
88
89
90
91
92
93
94
95
96
97
98
99
100
101
102
103
104
105
106
107
108
109
110
111
112
113
114
115
116
117
118
119
120
121
122
123
124
125
126
127
128
129
130
131
132
133
134
135
136
137
138
139
140
141
142
143
144
145
146
147
148
149
150
151
152
153
154
155
156
157
158
159
160
161
162
163
164
165
166
167
168
169
170
171
172
173
174
175
176
177
178
179
180
181
182
183
184
185
186
187
188
189
190
191
192
193
194
195
196
197
198
199
200
201
202
203
204
205
206
207
208
209
210
211
212
213
214
215
216
217
218
219
220
221
222
223
224
225
226
227
228
229
230
231
232
233
234
235
236
237
238
239
240
241
242
243
244
245
246
247
248
249
250
251
252
253
254
255
256
257
258
259
260
261
262
263
264
265
266
267
268
269
270
271
272
273
274
275
276
277
278
279
280
281
282
283
284
285
286
287
288
289
290
291
292
293
294
295
296
297
298
299
300
301
302
303
304
305
306
307
308
309
310
311
312
313
314
315
316
317
318
319
320
321
322
323
324
325
326
327
328
329
330
331
332
333
334
335
336
337
338
339
340
341
342
343
344
345
346
347
348
349
350
351
352
353
354
355
356
357
358
359
360
361
362
363
364
365
366
367
368
369
370
371
372
373
374
375
376
377
378
379
380
381
382
383
384
385
386
387
388
389
390
391
392
393
394
395
396
397
398
399
400
401
402
403
404
2
1
3
9
5
17
406
407
408
409
410
411
412
413
414
415
416
418
417
420
419
421
422
423
425
424
426
428
427
429
430
431
432
433
435
434
436
437
438
439
440
441
442
443
444
445
448
446
447
449
450
451
453
452
454
455
457
456
458
460
461
459
462
463
464
465
467
466
468
469
470
471
475
472
473
474
476
477
478
479
481
480
482
483
484
485
486
487
488
490
489
491
492
493
494
495
496
497
498
499
500
6
12
501
502
4
10
15
14
22
503
504
505
506
507
509
508
510
513
514
511
515
519
520
518
521
21
522
523
526
524
525
527
528
530
531
532
529
533
534
535
536
537
538
539
540
541
542
544
543
545
546
547
548
549
550
551
552
553
554
555
556
557
558
564
559
560
562
561
565
566
567
568
563
569
571
570
572
573
574
576
577
575
578
580
581
579
582
583
584
586
585
587
588
589
517
590
591
593
592
595
594
596
597
598
599
600
603
602
604
601
605
606
607
608
609
611
610
613
8
612
614
615
616
618
617
619
620
621
622
623
625
624
627
628
626
631
632
633
634
18
635
630
629
636
639
640
638
637
641
643
645
644
642
647
649
648
650
651
652
646
653
655
654
656
512
658
660
661
662
665
659
663
657
666
668
667
669
672
673
674
675
671
670
676
677
679
680
681
682
683
684
686
685
687
688
689
690
691
692
693
695
696
697
694
678
698
701
699
702
700
705
703
706
707
708
704
709
710
711
713
712
715
714
716
717
718
719
720
721
723
722
725
724
726
730
729
732
733
727
731
734
735
728
736
738
739
740
741
742
743
744
746
745
749
748
747
737
750
752
754
751
753
756
757
758
760
761
759
762
763
764
765
766
767
755
769
768
771
772
773
770
774
516
775
776
777
778
781
780
779
782
783
785
784
788
786
787
789
791
790
792
793
795
794
796
800
797
801
802
803
804
798
799
805
806
807
808
809
810
811
812
813
814
817
815
816
821
820
822
823
818
824
819
825
826
827
828
832
829
830
834
833
835
837
839
840
841
836
831
838
842
843
844
846
845
847
848
849
850
851
854
853
852
855
856
858
857
860
861
862
863
864
859
865
866
867
868
869
873
872
871
870
874
875
876
877
878
880
879
881
883
885
884
887
886
888
889
890
891
892
893
895
894
896
898
899
901
897
900
902
903
905
904
908
906
909
910
913
912
907
911
914
915
916
917
664
919
920
921
918
922
924
925
927
929
928
926
931
930
932
933
935
934
937
939
940
941
936
938
942
943
944
945
947
946
948
923
949
950
951
952
953
954
882
960
955
956
958
957
959
961
966
969
970
967
968
962
971
963
973
974
975
976
978
972
979
980
982
965
981
984
983
985
987
988
989
990
992
991
994
993
995
998
996
997
964
977
1000
1001
1002
986
999
1003
1004
1006
1007
1008
1009
1010
1005
1011
20
1012
1014
1013
1015
1016
1017
1018
1022
1019
1021
1020
1023
1024
1025
1030
1028
1029
1026
1031
1032
1033
1034
1036
1037
1040
1038
1041
1042
1035
1039
1043
1044
1045
1046
1047
1050
1051
1052
1048
1049
1053
1057
1054
1055
1056
1058
1064
1059
1065
1066
1068
1067
1069
1060
1070
1072
1074
1071
1075
1076
1073
1077
1078
1079
1080
1083
1082
1061
1084
1081
1062
1085
1086
1087
1088
1090
1093
1091
1094
1095
1098
1096
1097
1099
1100
1101
1102
1103
1106
1107
1105
1104
1108
1109
1112
1110
1063
1111
1113
1114
1115
1116
1117
1120
1119
1118
1122
1121
1123
1124
1126
1127
1129
1128
1130
1125
1131
1132
1133
1134
1135
1136
1138
1139
1140
1142
1143
1141
1145
1144
1089
1148
1146
1147
1092
1149
1150
1151
1152
1153
1156
1155
1154
1158
1159
1160
1161
1162
1163
1165
1166
1164
1168
1167
1170
1169
1171
1173
1172
1174
1175
1157
1137
1176
1177
1179
1184
1181
1182
1183
1180
1185
1186
1187
1188
1189
1190
1191
1192
1194
1195
1196
1197
1199
1198
1201
1200
1203
1178
1202
1193
1204
1205
1206
1207
1208
1209
1212
1213
1214
1215
1210
1216
1217
1218
1219
1220
1221
1224
1223
1226
1225
1227
1222
1228
1229
1231
1232
1233
1234
1211
1236
1235
1230
1237
1238
1240
1241
1242
1244
1243
1245
1246
1247
1248
1249
1251
1253
1252
1250
1254
1255
1256
1259
1257
1258
1239
1260
1262
1261
1264
1266
1267
1268
1269
1270
1271
1263
1272
1274
1275
1277
1278
1280
1281
1279
1282
1283
1273
1284
1285
1286
1287
1288
1289
1290
1265
1291
1293
1294
1295
1296
1297
1298
1276
1300
1299
1301
1302
1292
1304
1307
1305
1308
1303
1306
1310
1311
1312
1313
1314
1315
1316
1317
1318
1319
1320
1309
1321
1323
1324
1325
1322
1326
1327
1328
1329
1330
1333
1336
1337
1027
1340
1338
1339
1332
1334
1343
1341
1342
1344
1331
1347
1348
1345
1349
1346
1350
1352
1335
1353
1355
1356
1354
1351
1360
1359
1357
1358
1361
1362
1363
1365
1364
1366
1368
1367
1370
1371
1373
1372
1375
1374
1376
1378
1369
1377
1380
1379
1382
1383
1381
1384
1385
1386
1387
1388
1389
1390
1392
1393
1394
1395
1398
1396
1397
1391
1400
1399
1401
1402
1404
1405
1403
1406
1407
1410
1412
1408
1409
1414
1415
1416
1417
1418
1420
1422
1421
1423
1419
1424
1426
1425
1413
1427
1428
1429
1430
1431
1433
1434
1435
1437
1436
1438
1439
1432
1440
1411
1441
1443
1442
1445
1446
1444
1449
1448
1447
1450
1452
1453
1451
1454
1455
1456
1458
1459
1460
1463
1461
1464
1465
1466
1467
1468
1469
1471
1472
1473
1470
1474
1475
1476
1477
1479
1481
1480
1484
1482
1478
1483
1486
1485
1487
1489
1457
1488
1462
1492
1491
1493
1494
1490
1495
1496
1501
1502
1503
1504
1505
1506
1507
1508
1509
1510
1498
1511
1512
1497
1513
1515
1516
1514
1518
1519
1517
1520
1521
1523
1524
1522
1525
1526
1499
1500
1527
1528
1530
1531
1529
1532
1534
1535
1538
1536
1533
1539
1540
1541
1544
1542
1543
1546
1548
1545
405
11
13
7
19
16
36
1537
23
1552
35
25
32
33
37
39
40
27
34
28
31
1550
26
1551
38
1549
1553
24
29
30
1547
1555
1557
1554
1556
1558
1559
1560
1563
1562
1561
1565
1566
1564
1567
1568
1569
1571
1595
1596
1598
1597
1600
1601
1599
1602
1604
1603
1605
1607
1606
1610
1608
1609
1611
1570
1572
1577
1576
1580
1579
1583
1581
1582
1584
1585
1578
1575
1586
1589
1588
1587
1590
1592
1591
1593
1594
1573
1574
1612
1613
1614
1615
1616
1617
1618
1619
1621
1622
1623
1624
1625
1626
1620
1627
1628
1629
1631
1630
1634
1632
1633
1635
1636
1637
1638
1639
1640
1641
1643
1642
1644
1645
1646
1647
1648
1649
1650
1651
1652
1653
1654
1655
1656
1657
1659
1658
1660
1661
1663
1662
1693
1694
1695
1665
1666
1664
1696
1698
1697
1699
1668
1670
1667
1672
1671
1673
1669
1674
1676
1675
1677
1678
1680
1679
1681
1682
1683
1684
1685
1686
1687
1688
1689
1691
1692
1690
1700
1701
1702
1703
1704
1705
1707
1706
1709
1708
1710
1712
1711
1713
1715
1717
1714
1718
1719
1716
1721
1720
1722
1723
1724
1725
1726
1739
1741
1742
1740
1743
1744
1746
1745
1766
1765
1767
1748
1750
1749
1747
1751
1768
1753
1752
1755
1756
1754
1759
1760
1757
1761
1764
1758
1769
1727
1728
1729
1730
1731
1732
1733
1734
1735
1737
1736
1762
1763
1738
1771
1772
1774
1770
1773
1775
1776
1777
1779
1778
1781
1782
1783
1780
1784
1785
1786
1788
1789
1790
1787
1792
1793
1791
1794
1795
1796
1797
1798
1800
1799
1802
1801
1803
1804
1805
1806
1808
1810
1809
1807
1811
1813
1822
1812
1814
1815
1817
1816
1818
1819
1820
1821
1823
1824
1825
1826
1827
1829
1830
1831
1833
1828
1832
1834
1835
1836
1842
1844
1853
1878
1877
1879
1843
1845
1846
1847
1849
1848
1850
1851
1854
1855
1852
1856
1857
1860
1858
1859
1837
1861
1862
1863
1864
1865
1866
1838
1839
1840
1841
1867
1868
1869
1872
1874
1870
1873
1876
1875
1871
1880
1881
1882
1883
1884
1885
1886
1917
1918
1887
1919
1889
1890
1888
1891
1892
1920
1893
1921
1922
1923
1894
1895
1896
1913
1897
1899
1898
1901
1900
1902
1904
1905
1903
1907
1906
1908
1909
1910
1911
1912
1914
1916
1915
1925
1926
1924
1927
1928
1929
1930
1931
1932
1933
1934
1936
1935
1938
1939
1940
1941
1942
1937
1944
1943
1945
1947
1946
1948
1949
1950
1952
1954
1951
1953
1955
1956
1957
1965
1958
1959
1960
1964
1962
1961
1963
1966
1968
1967
1969
1970
1971
1991
1997
1998
1972
1976
1975
1973
1978
1977
1999
1980
1979
1981
1982
1984
1983
1985
1986
1974
1987
1988
1989
1992
1995
1990
1993
1996
1994
41
45
42
43
44
47
49
48
46
